 11 7170.020303 3.904E-30 6.185E-01.09730.434 3890.82930.730.003860          1 0 2          0 0 1  3  2  2        3  0  3      332230807294713152     7.0    7.0
 11 7170.039310 2.130E-29 3.102E-03.04730.298 2904.42830.43-.022090          0 1 2          0 1 0 10  1 10       10  2  9      334243807294713152    63.0   63.0
 11 7170.093945 3.800E-26 6.822E-01.01530.235 2327.8838-.04-.019610          0 2 1          0 0 0 15  1 14       14  1 13      454223606594713152    31.0   29.0
 11 7170.108121 6.077E-29 1.272E-03.08910.371 2146.26360.720.000540          1 1 1          0 1 0  5  3  2        6  1  5      434233807294713152    11.0   13.0
 11 7170.141890 9.670E-26 3.322E+00.08690.371 2282.58960.72-.013240          1 1 1          0 1 0  6  3  4        6  3  3      454223796594713152    13.0   13.0
 11 7170.253023 2.468E-24 3.486E+00.06350.298 1724.70540.58-.031330          1 0 1          0 0 0 10  5  6       10  5  5      464423607294713152    21.0   21.0
 11 7170.266334 3.218E-27 2.339E-04.06420.371 1045.05830.64-.009230          2 0 0          0 0 0  7  5  3        6  6  0      434223807260713049    15.0   13.0
 11 7170.269610 2.850E-30 1.961E-08.07810.371  756.72480.670.000000          2 0 0          0 0 0  6  4  3        6  4  3     q4222308079917122 0    39.0   39.0
 11 7170.277790 2.020E-21 7.468E+00.09420.434  206.30140.72-.007940          1 0 1          0 0 0  2  2  1        3  2  2      456521306394713152     5.0    7.0
 11 7170.322032 3.652E-28 1.215E-06.09940.456   79.49640.740.000000          1 0 1          0 0 0  0  0  0        2  1  2     q3322308079917122 0     3.0   15.0
 11 7170.422508 2.693E-28 2.058E+00.04020.265 3770.87890.36-.019770          0 3 1          0 1 0 13  4 10       12  4  9      334223807294713152    81.0   75.0
 11 7170.551380 1.834E-30 2.254E-08.07340.352  931.23710.650.000000          1 0 1          0 0 0  8  1  7        7  4  3     q7222308079917122 0    51.0   45.0
 11 7170.660441 8.312E-29 3.798E-03.03120.235 2746.02350.27-.027650          1 2 0          0 0 0 15  3 12       14  4 11      334233807294713152    93.0   87.0
 11 7170.672520 7.439E-29 3.021E-01.04120.221 3443.19190.40-.026570          0 0 2          0 0 0 15  5 11       15  6 10      334233807260713049    31.0   31.0
 11 7170.687528 5.435E-29 4.363E-01.06220.208 3822.24590.600.006940          1 0 1          0 0 0 16  6 10       16  6 11      334233807294713152    99.0   99.0
 11 7170.813512 2.803E-28 7.952E-01.10170.434 3289.24250.75-.003860          2 2 0          0 2 0  3  1  2        3  0  3      334223807294713152    21.0   21.0
 11 7170.818611 2.572E-30 7.725E-08.07340.352 1059.83550.650.000000          1 0 1          0 0 0  6  6  0        7  5  2     q7222308079917122 0    39.0   45.0
 11 7170.895751 9.904E-27 2.399E-04.06490.371 1045.05800.64-.008990          2 0 0          0 0 0  7  5  2        6  6  1      434223807260713049    45.0   39.0
 11 7170.903255 3.200E-30 3.525E-01.06640.333 4224.58640.640.000640          0 6 0          0 2 0  8  6  3        8  3  6      332233807294713152    51.0   51.0
 11 7170.907373 1.099E-28 1.537E-03.03240.250 2248.06450.30-.027160          0 0 2          0 0 0 13  2 12       13  3 11      334223807260713049    27.0   27.0
 11 7170.908265 5.005E-25 2.680E-01.04010.281 1525.13600.35-.025020          0 0 2          0 0 0 10  1  9       11  2 10      464223807260713049    21.0   23.0
 11 7171.104695 2.090E-24 2.116E-02.08300.391  610.11440.68-.016490          1 0 1          0 0 0  6  2  5        5  4  2      754423306794713152    13.0   11.0
 11 7171.180506 1.609E-30 8.309E-02.05290.315 4068.70370.45-.021120          0 2 2          0 2 0  8  1  8        9  0  9      332230807294713152    51.0   57.0
 11 7171.201822 8.591E-30 3.731E-03.04660.298 2903.14610.42-.021310          0 1 2          0 1 0 10  0 10       10  1  9      334243807294713152    21.0   21.0
 11 7171.215750 1.700E-26 5.041E-01.04410.265 2612.79990.43-.022710          0 0 2          0 0 0 12  6  7       12  7  6      454223796560713049    75.0   75.0
 11 7171.304491 1.171E-29 2.553E-02.08090.298 3253.73800.73-.014890          2 1 0          0 1 0 11  3  9       10  4  6      234233807294713152    23.0   21.0
 11 7171.309260 3.450E-26 3.393E-01.04580.281 2142.59770.45-.025030          1 2 0          0 0 0 11  7  5       11  6  6      454223796594713152    23.0   23.0
 11 7171.357704 2.115E-28 3.825E-02.03400.352 2905.43340.35-.007000          0 5 0          0 1 0  8  7  2        7  6  1      334233807294713152    51.0   45.0
 11 7171.360599 7.048E-29 3.824E-02.03390.352 2905.43060.35-.006980          0 5 0          0 1 0  8  7  1        7  6  2      334233807294713152    17.0   15.0
 11 7171.406060 1.640E-26 4.935E-02.05010.265 2124.95140.47-.000090          1 0 1          0 0 0 11  6  6       12  4  9      454223796594713152    69.0   75.0
 11 7171.437546 1.069E-30 3.557E-02.09090.434 3500.51060.72-.009230          0 2 2          0 2 0  2  2  0        3  3  1      332230807294713152     5.0    7.0
 11 7171.494570 4.666E-30 1.641E-02.06110.208 3639.53850.600.000690          0 0 2          0 0 0 15  6  9       16  5 12      332230807260713049    93.0   99.0
 11 7171.541655 4.444E-29 2.134E-02.07760.298 2903.14610.68-.007380          1 1 1          0 1 0  9  3  6       10  1  9      434233807294713152    19.0   21.0
 11 7171.629229 1.940E-29 7.530E-01.10210.434 3827.39270.75-.008020          1 0 2          1 0 0  3  0  3        3  1  2      334233807294713152    21.0   21.0
 11 7171.740999 6.721E-29 9.403E-04.04940.250 2248.06450.57-.002990          0 4 0          0 0 0 13  6  8       13  3 11      344233803260713049    27.0   27.0
 11 7171.755885 4.439E-29 1.313E-03.08570.391 2251.69520.72-.007770          2 1 0          0 1 0  6  3  3        5  4  2      434253807294713152    13.0   11.0
 11 7171.765050 1.590E-26 2.835E-03.06900.281 1524.84790.660.011620          0 2 1          0 0 0 10  5  5       11  1 10      454223796594713152    63.0   69.0
 11 7171.824340 1.790E-24 3.421E-01.03120.265 1557.84770.24-.026670          0 0 2          0 0 0 11  0 11       12  1 12      455520796760713049    69.0   75.0
 11 7171.837653 4.940E-25 2.832E-01.03130.265 1557.84440.24-.026550          0 0 2          0 0 0 11  1 11       12  0 12      454223606560713049    23.0   25.0
 11 7171.872853 2.380E-25 3.641E-04.08360.371  447.25240.690.004520          1 2 0          0 0 0  6  4  3        6  1  6      454223606794713152    39.0   39.0
 11 7171.911311 3.741E-30 8.885E-02.03260.221 4045.32230.32-.019320          2 0 0          0 0 0 16  8  9       15  9  6      332230807260713049    99.0   93.0
 11 7172.046180 2.910E-25 1.193E-02.07600.315 1201.92150.680.015010          1 2 0          0 0 0  9  5  4        9  2  7      454223796794713152    57.0   57.0
 11 7172.056140 2.729E-28 1.140E-04.06720.298 1718.71880.65-.008530          0 5 0          0 0 0 11  0 11       10  5  6      434223807294713152    69.0   63.0
 11 7172.057016 2.847E-28 4.963E-03.06380.371 2398.38140.57-.014090          1 3 0          0 1 0  7  5  2        6  4  3      434223807294713152    45.0   39.0
 11 7172.072491 2.720E-25 9.245E-03.08440.371  888.63270.72-.006790          1 0 1          0 0 0  7  3  4        6  5  1      754223306794713152    15.0   13.0
 11 7172.097125 4.856E-28 2.252E-03.03120.250 2246.88480.28-.024480          0 0 2          0 0 0 13  1 12       13  2 11      334223807260713049    81.0   81.0
 11 7172.099600 6.700E-27 1.792E-02.09570.434 1907.61580.74-.016330          1 1 1          0 1 0  4  1  3        3  3  0      444223796594713152    27.0   21.0
 11 7172.114452 6.380E-30 1.316E-08.08330.391  508.81210.690.000000          1 0 1          0 0 0  6  0  6        5  3  2     q4222308079917122 0    39.0   33.0
 11 7172.209739 8.292E-28 8.095E-03.04020.250 2414.72340.370.006070          1 2 0          0 0 0 14  4 11       13  3 10      334223807294713152    87.0   81.0
 11 7172.308900 1.350E-25 8.085E-01.01440.235 2327.9140-.07-.017290          0 2 1          0 0 0 15  2 14       14  2 13      354223796594713152    93.0   87.0
 11 7172.352361 3.078E-27 2.182E+00.07980.315 2983.32300.70-.003470          1 1 1          0 1 0  9  4  5        9  4  6      334223807294713152    19.0   19.0
 11 7172.392337 1.339E-29 1.112E+00.09080.391 4076.89580.71-.010410          1 0 2          0 0 1  5  1  4        5  1  5      334233807294713152    33.0   33.0
 11 7172.506823 8.690E-25 1.013E+01.06750.391 2251.86250.58-.015500          1 1 1          0 1 0  5  4  2        5  4  1      454423606794713152    33.0   33.0
 11 7172.698891 3.270E-22 4.550E-01.08880.420  300.36230.71-.003780          2 0 0          0 0 0  3  3  0        4  2  3      757620606382623034    21.0   27.0
 11 7172.710724 1.266E-29 5.164E-08.07810.371  648.97870.670.000000          2 0 0          0 0 0  6  3  4        6  3  4     q7222308079917122 0    39.0   39.0
 11 7172.712913 2.098E-29 1.417E-03.04650.250 2586.52970.50-.003660          0 4 0          0 0 0 14  6  8       13  5  9      344233803260713049    29.0   27.0
 11 7172.761088 3.267E-30 1.004E-02.02510.250 3583.37430.26-.020080          0 2 1          0 0 0 13 10  4       13 10  3      332230807294713152    81.0   81.0
 11 7172.761256 1.089E-30 1.004E-02.02510.250 3583.37420.26-.020090          0 2 1          0 0 0 13 10  3       13 10  4      332230807294713152    27.0   27.0
 11 7172.849022 2.900E-25 1.014E+01.06750.391 2251.69530.58-.012270          1 1 1          0 1 0  5  4  1        5  4  2      454223606794713152    11.0   11.0
 11 7172.977257 7.000E-27 8.992E-02.09060.371 2271.71230.73-.008040          0 1 2          0 1 0  5  2  3        6  3  4      344223606594713152    33.0   39.0
 11 7172.997514 8.720E-30 7.496E-02.10380.456 3221.96110.760.006560          0 7 0          0 2 0  2  1  1        2  0  2      232233807294713152     5.0    5.0
 11 7173.094321 1.734E-30 2.231E-01.07540.265 4125.59900.70-.039410          1 1 1          0 1 0 13  4  9       12  6  6      332230807294713152    27.0   25.0
 11 7173.109337 2.596E-29 2.540E-02.04510.281 3314.85560.41-.018120          0 1 2          0 1 0 11  1 10       11  2  9      334243807294713152    69.0   69.0
 11 7173.177006 6.789E-29 6.911E-01.10450.504 3151.62990.750.000710          2 2 0          0 2 0  1  1  1        0  0  0      334223807294713152     3.0    1.0
 11 7173.242651 4.911E-28 2.051E+00.06930.298 3387.40060.62-.005990          0 3 1          0 1 0 11  5  6       10  5  5      334223807294713152    23.0   21.0
 11 7173.248630 9.420E-25 1.679E+00.10000.434 1772.41350.74-.007540          1 1 1          0 1 0  3  1  3        3  1  2      454423796794713152    21.0   21.0
 11 7173.291201 9.770E-30 6.983E-08.08330.391  503.96810.690.000000          1 0 1          0 0 0  5  2  3        5  3  3     q7222308079917122 0    11.0   11.0
 11 7173.350699 7.170E-30 7.664E-02.09690.434 3387.68060.74-.009460          2 2 0          0 2 0  4  1  3        3  2  2      332230807294713152     9.0    7.0
 11 7173.444935 4.424E-28 1.854E-01.08020.333 3101.12370.71-.011540          0 1 2          0 1 0  9  3  6        8  6  3      334223807294713152    57.0   51.0
 11 7173.502129 5.903E-30 3.018E+00.09200.352 4484.99220.74-.015340          0 0 3          1 0 0  6  3  3        7  3  4      332230807294713152    39.0   45.0
 11 7173.570051 1.290E-26 2.467E-03.07710.265 1557.84770.700.004510          1 2 0          0 0 0 11  4  7       12  1 12      454223606594713152    69.0   75.0
 11 7173.639389 2.446E-30 1.305E-08.07340.352  704.21410.650.000000          0 0 2          0 0 0  6  1  6        7  1  6     q4222308079917122 0    39.0   45.0
 11 7173.658738 2.374E-29 3.528E-07.06860.333  744.06370.620.000000          2 0 0          0 0 0  8  0  8        8  0  8     q7322308079917122 0    17.0   17.0
 11 7173.720082 8.979E-30 2.010E+00.01600.221 4506.73380.00-.017010          0 3 1          0 1 0 16  2 14       15  2 13      332230807294713152    99.0   93.0
 11 7173.773550 2.260E-23 8.618E+00.04670.333 1411.64190.45-.019500          1 0 1          0 0 0  8  6  3        8  6  2      464223807294713152    17.0   17.0
 11 7173.781124 6.768E-23 8.601E+00.04830.330 1411.61150.44-.012060          1 0 1          0 0 0  8  6  2        8  6  3      467521807282623134    51.0   51.0
 11 7173.783741 1.859E-28 9.764E-03.06730.371 2399.16540.60-.017110          1 3 0          0 1 0  7  5  3        6  4  2      434233807294713152    15.0   13.0
 11 7173.796030 8.051E-29 3.990E-07.06860.333  744.16270.620.000000          2 0 0          0 0 0  8  1  8        8  1  8     q4322308079917122 0    51.0   51.0
 11 7173.796169 1.177E-29 2.516E-02.02270.265 3266.76440.22-.017620          0 2 1          0 0 0 12 10  3       12 10  2      334233807294713152    25.0   25.0
 11 7173.796228 3.531E-29 2.516E-02.02270.265 3266.76440.22-.017640          0 2 1          0 0 0 12 10  2       12 10  3      334233807294713152    75.0   75.0
 11 7173.808878 2.422E-28 9.307E+00.10190.456 3825.21300.750.000170          1 0 2          0 0 1  3  0  3        2  0  2      334233807294713152    21.0   15.0
 11 7173.812686 7.868E-29 1.345E-02.07880.315 2690.59360.700.008960          0 3 1          0 1 0  9  4  5        9  2  8      334233807294713152    19.0   19.0
 11 7173.941692 2.067E-25 9.808E-03.07920.333  982.91170.690.009160          1 2 0          0 0 0  8  5  3        8  2  6      464223807294713152    17.0   17.0
 11 7173.960049 2.580E-23 5.931E-01.05920.352 1059.83550.54-.009320          0 2 1          0 0 0  8  5  3        7  5  2      454523606394713152    51.0   45.0
 11 7174.078719 1.476E-25 3.980E-04.09350.412  488.10770.73-.011200          0 0 2          0 0 0  4  1  4        4  4  1      464223807260713049    27.0   27.0
 11 7174.083984 8.025E-24 5.530E-01.05750.352 1059.64670.53-.011370          0 2 1          0 0 0  8  5  4        7  5  3      744423808094713152    17.0   15.0
 11 7174.091942 1.597E-28 1.448E-07.09400.434  212.15640.730.000000          1 0 1          0 0 0  3  1  3        3  2  1     q4222308079917122 0    21.0   21.0
 11 7174.127913 1.085E-23 8.834E-02.08280.371  756.72480.70-.007650          0 0 2          0 0 0  5  3  2        6  4  3      464223807260713049    33.0   39.0
 11 7174.137296 5.770E-22 1.244E+00.10350.460   95.17590.77-.010360          2 0 0          0 0 0  2  0  2        2  1  1      457620306382623034     5.0    5.0
 11 7174.151979 2.457E-29 9.820E-08.08330.391  610.34120.690.000000          2 0 0          0 0 0  5  4  1        5  4  1     q4322308079917122 0    33.0   33.0
 11 7174.168748 8.221E-30 9.846E-08.08330.391  610.11440.690.000000          2 0 0          0 0 0  5  4  2        5  4  2     q4222308079917122 0    11.0   11.0
 11 7174.174569 1.476E-26 5.100E-02.04670.265 1960.20740.49-.002230          0 4 0          0 0 0 13  5  9       12  2 10      364223807260713049    27.0   25.0
 11 7174.194323 2.110E-27 1.149E-01.01680.298 2701.88850.18-.018320          0 2 1          0 0 0 10 10  0       10 10  1      334223807294713152    63.0   63.0
 11 7174.194330 7.033E-28 1.149E-01.01680.298 2701.88850.18-.018310          0 2 1          0 0 0 10 10  1       10 10  0      334223807294713152    21.0   21.0
 11 7174.197361 3.118E-30 8.035E-01.08780.333 4173.22570.72-.004940          2 2 0          0 2 0  8  3  5        8  2  6      332230807294713152    17.0   17.0
 11 7174.226299 3.755E-30 5.636E-02.05700.281 3650.50900.53-.023750          0 1 2          0 1 0 11  4  8       11  5  7      332230807294713152    23.0   23.0
 11 7174.243147 1.000E-28 5.569E-02.01960.281 2972.82730.17-.018480          0 2 1          0 0 0 11 10  1       11 10  2      334233807294713152    23.0   23.0
 11 7174.243262 3.002E-28 5.573E-02.01960.281 2972.82730.17-.018470          0 2 1          0 0 0 11 10  2       11 10  1      334223807294713152    69.0   69.0
 11 7174.244150 4.775E-29 2.682E-04.09100.412 1875.46960.730.007030          1 3 0          0 1 0  5  4  2        4  1  3      334233807294713152    11.0    9.0
 11 7174.343920 2.300E-24 2.791E-03.09190.391  399.45750.730.007570          0 2 1          0 0 0  6  3  3        5  1  4      454223796794713152    39.0   33.0
 11 7174.455124 2.208E-29 7.937E-04.04750.250 2426.19650.48-.000240          1 2 0          0 0 0 12  7  5       13  4 10      434233807294713152    25.0   27.0
 11 7174.476745 1.064E-30 1.016E-02.04300.250 3831.17870.36-.009014         -2-2-2          0 0 0 14 10  5       13 11  2      132232477291712250    87.0   81.0
 11 7174.521890 1.050E-25 3.090E-01.04750.298 1875.46180.47-.021300          1 2 0          0 0 0 10  7  3       10  6  4      454223606594713152    21.0   21.0
 11 7174.565673 2.069E-30 5.823E-03.04540.281 3323.26980.45-.005690          0 6 0          0 1 0 12  0 12       11  3  9      332233807294713152    25.0   23.0
 11 7174.590949 4.090E-30 1.698E-02.07030.265 3386.05230.680.013190          0 3 1          0 1 0 11  5  6       12  1 11      332230807294713152    23.0   25.0
 11 7174.609078 5.390E-27 2.650E-04.03380.352 1216.19450.35-.007340          0 4 0          0 0 0  8  7  2        7  6  1      444223606560713049    51.0   45.0
 11 7174.614062 1.064E-27 1.569E-04.03380.352 1216.18980.35-.007310          0 4 0          0 0 0  8  7  1        7  6  2      444223803360713049    17.0   15.0
 11 7174.674167 8.570E-26 8.942E-04.08110.315  920.16830.690.000260          1 2 0          0 0 0  9  3  6        9  0  9      454223606594713152    57.0   57.0
 11 7174.707632 1.404E-27 1.766E+00.04830.333 3101.14220.47-.011520          0 3 1          0 1 0  9  6  3        8  6  2      334223807294713152    19.0   17.0
 11 7174.786776 3.783E-27 1.586E+00.04790.333 3101.12370.46-.011210          0 3 1          0 1 0  9  6  4        8  6  3      434223807294713152    57.0   51.0
 11 7174.855017 1.101E-29 1.569E-07.07340.352  709.60820.650.000000          2 0 0          0 0 0  7  2  6        7  2  6     q4222308079917122 0    15.0   15.0
 11 7174.911067 1.055E-30 4.787E-02.02340.183 4201.85780.20-.022180          0 2 1          0 0 0 18  4 14       18  4 15      332230807294713152   111.0  111.0
 11 7175.003860 3.100E-25 3.034E-01.04660.298 1874.97300.47-.020320          1 2 0          0 0 0 10  7  4       10  6  5      454223796794713152    63.0   63.0
 11 7175.107072 5.671E-28 3.198E+00.09440.412 3482.06450.73-.004990          1 2 1          0 2 0  4  2  2        4  2  3      334223807294713152    27.0   27.0
 11 7175.111915 3.398E-29 5.259E+00.09400.456 3885.73770.72-.007070          1 0 2          0 0 1  3  2  2        2  2  1      334233807294713152     7.0    5.0
 11 7175.136318 3.086E-30 4.587E-08.06860.333  744.06370.620.000000          0 2 1          0 0 0  8  3  6        8  0  8     q7222308079917122 0    17.0   17.0
 11 7175.247907 4.414E-28 2.437E-02.03910.281 2740.42090.43-.018260          2 0 0          0 0 0 12  8  5       11  9  2      434223807260713049    75.0   69.0
 11 7175.256502 2.536E-28 1.309E-01.04680.221 3244.60070.45-.014720          0 0 2          0 0 0 15  3 12       15  4 11      334233807260713049    93.0   93.0
 11 7175.258870 6.701E-30 4.534E-08.07340.352  782.40980.650.000000          2 0 0          0 0 0  7  2  5        7  2  5     q7222308079917122 0    45.0   45.0
 11 7175.267053 1.152E-30 2.409E-02.03520.208 4006.07320.35-.018400          0 2 1          0 0 0 15  9  7       16  7 10      332230807294713152    93.0   99.0
 11 7175.277742 1.470E-28 2.434E-02.03910.281 2740.42090.43-.018230          2 0 0          0 0 0 12  8  4       11  9  3      334233807260713049    25.0   23.0
 11 7175.365561 3.179E-28 9.478E-03.08750.371 2282.58950.72-.011640          2 1 0          0 1 0  7  2  6        6  3  3      434223807294713152    15.0   13.0
 11 7175.369912 8.290E-25 3.010E-02.07480.352  927.74390.66-.025540          1 0 1          0 0 0  8  2  7        7  4  4      454623306794713152    17.0   15.0
 11 7175.416360 5.977E-28 1.143E-01.05960.315 2690.59360.52-.022120          0 1 2          0 1 0  8  1  7        9  2  8      334223807294713152    17.0   19.0
 11 7175.423764 7.700E-30 1.439E-02.05360.221 3269.53880.520.000110          0 0 2          0 0 0 14  6  8       15  5 11      332230807260713049    29.0   31.0
 11 7175.443201 6.874E-29 1.928E+00.04390.250 4052.81090.40-.007190          0 3 1          0 1 0 14  3 11       13  3 10      334233807294713152    87.0   81.0
 11 7175.484641 8.412E-29 1.446E-02.04590.250 2748.09960.45-.021430          0 0 2          0 0 0 12  7  5       13  6  8      334233807260713049    25.0   27.0
 11 7175.492397 2.810E-23 2.490E+00.08030.315 1360.23530.71-.020560          1 0 1          0 0 0  9  4  6        9  4  5      456521606394713152    57.0   57.0
 11 7175.582186 6.845E-30 2.910E+00.10640.480 3693.29360.76-.011140          1 0 2          1 0 0  0  0  0        1  1  1      332230807294713152     1.0    3.0
 11 7175.604783 7.860E-27 1.370E-01.06010.250 2533.79310.57-.014160          1 0 1          0 0 0 14  2 12       13  4  9      444223606594713152    87.0   81.0
 11 7175.615194 7.935E-29 1.553E-03.08530.352 2392.59250.71-.000290          1 1 1          0 1 0  6  4  2        7  2  5      434233807294713152    39.0   45.0
 11 7175.625597 2.240E-27 1.226E-02.08800.391 2130.49430.72-.011040          2 1 0          0 1 0  6  2  5        5  3  2      444223606594713152    39.0   33.0
 11 7175.664798 7.245E-30 2.047E-03.06040.235 2880.83420.620.003960          0 4 0          0 0 0 14  7  7       14  4 10      332230807260713049    29.0   29.0
 11 7175.784229 1.365E-30 3.760E-05.08460.352 2462.87520.74-.007380          1 3 0          0 1 0  6  6  1        7  3  4      332230807294713152    39.0   45.0
 11 7175.825890 7.684E-29 1.053E+00.09860.412 3438.57500.75-.002970          2 2 0          0 2 0  4  2  2        4  1  3      334233807294713152     9.0    9.0
 11 7175.884100 6.310E-25 1.491E+01.06500.412 2129.61870.58-.014460          1 1 1          0 1 0  4  4  1        4  4  0      454223796594713152     9.0    9.0
 11 7175.922338 2.260E-24 1.780E+01.06490.412 2129.59920.58-.013640          1 1 1          0 1 0  4  4  0        4  4  1      454223606794713152    27.0   27.0
 11 7175.936120 8.881E-27 7.239E-03.05300.333 1590.69070.54-.013920          2 0 0          0 0 0  9  6  4        8  7  1      434223807260713049    19.0   17.0
 11 7175.959968 1.354E-30 1.316E+00.02900.183 4606.16780.41-.009014         -2-2-2          0 0 0 18 -1 -1       18  5 13      132232477291712250    37.0   37.0
 11 7175.986726 2.680E-22 7.088E-01.09950.488  206.30140.74-.017100          1 0 1          0 0 0  3  0  3        3  2  2      455621306367623152     7.0    7.0
 11 7176.013690 1.468E-27 2.005E+00.05330.298 3383.26540.49-.019210          0 3 1          0 1 0 11  5  7       10  5  6      334223807294713152    69.0   63.0
 11 7176.023525 1.612E-29 1.164E-04.05910.281 2321.90570.59-.022020          0 0 2          0 0 0 12  4  9       11  7  4      434233807260713049    75.0   69.0
 11 7176.102690 1.096E-30 2.525E-02.06110.265 3738.54320.570.000260          2 1 0          0 1 0 11  6  6       12  3  9      232230807294713152    23.0   25.0
 11 7176.125054 2.545E-29 2.201E-04.08780.391 1922.82890.69-.003240          0 6 0          0 1 0  4  0  4        5  1  5      234223807294713152     9.0   11.0
 11 7176.151569 1.247E-29 7.710E-01.09210.412 3974.63090.710.000490          1 0 2          0 0 1  4  2  3        4  0  4      334233807294713152    27.0   27.0
 11 7176.166883 2.697E-26 6.347E-01.04690.281 2321.81300.46-.016510          0 0 2          0 0 0 11  6  6       11  7  5      464223807260713049    23.0   23.0
 11 7176.196780 5.150E-24 3.077E-02.07850.371  756.72480.67-.021040          1 0 1          0 0 0  7  2  6        6  4  3      454523796794713152    45.0   39.0
 11 7176.212250 5.542E-28 2.894E-03.02350.235 2073.51550.21-.003640          0 4 0          0 0 0 15  3 13       14  0 14      264223803360713049    31.0   29.0
 11 7176.290099 3.206E-29 1.484E-07.07340.352  704.21410.650.000000          2 0 0          0 0 0  7  1  6        7  1  6     q4322308079917122 0    45.0   45.0
 11 7176.334540 1.750E-25 5.244E-02.07740.315 1631.38300.69-.003550          1 0 1          0 0 0 10  4  6        9  6  3      454223796794713152    63.0   57.0
 11 7176.354399 5.465E-30 1.561E-08.08870.412  222.05280.710.000000          2 0 0          0 0 0  3  2  2        4  0  4     q7222308079917122 0     7.0    9.0
 11 7176.358890 9.080E-28 1.155E-01.04960.250 2927.94120.47-.010090          0 0 2          0 0 0 13  6  7       13  7  6      434223807260713049    81.0   81.0
 11 7176.372571 5.010E-27 1.944E-03.05910.298 1437.96860.51-.006460          0 0 2          0 0 0  9  3  7       10  2  8      444223606560713049    19.0   21.0
 11 7176.374761 5.231E-30 3.445E-02.01780.195 3567.25420.08-.023060          0 2 1          0 0 0 17  3 14       17  3 15      332230807294713152    35.0   35.0
 11 7176.375880 1.033E-28 3.825E-07.08870.412  275.49700.710.000000          1 0 1          0 0 0  3  2  1        4  1  3     q4222308079917122 0     7.0    9.0
 11 7176.408627 1.246E-30 9.421E-02.03450.221 4283.30810.38-.031350          2 0 0          0 0 0 16  9  8       15 10  5      332230807260713049    99.0   93.0
 11 7176.463517 3.313E-27 2.956E-01.04830.265 2613.10450.46-.012600          0 0 2          0 0 0 12  6  6       12  7  5      434223807260713049    25.0   25.0
 11 7176.486812 4.530E-27 9.518E-02.08860.352 2181.08990.71-.007390          2 1 0          0 1 0  6  2  4        7  1  7      444223606594713152    13.0   15.0
 11 7176.594583 1.511E-28 1.046E+00.09510.391 3565.45460.74-.003940          2 2 0          0 2 0  5  2  3        5  1  4      334243807294713152    33.0   33.0
 11 7176.611530 9.311E-28 1.052E-01.04320.235 2918.24490.42-.028930          0 0 2          0 0 0 14  4 11       14  5 10      334223807260713049    87.0   87.0
 11 7176.620965 7.188E-29 1.271E+00.07360.208 3758.39680.660.001450          2 0 0          0 0 0 16  6 10       16  5 11      232230807260713049    33.0   33.0
 11 7176.639962 2.467E-30 1.846E-08.07810.371  602.77350.670.000000          1 2 0          0 0 0  8  2  6        6  2  4     q4222308079917122 0    17.0   13.0
 11 7176.641771 8.205E-29 2.482E-07.07810.371  552.91140.670.000000          1 0 1          0 0 0  5  3  3        6  2  5     q4322308079917122 0    33.0   39.0
 11 7176.840608 3.863E-29 1.864E-07.07810.371  648.97870.670.000000          1 0 1          0 0 0  5  4  2        6  3  4     q4322308079917122 0    33.0   39.0
 11 7176.931427 1.342E-30 2.386E-05.03420.235 2551.48350.39-.025910          0 0 2          0 0 0 15  0 15       14  3 12      332230807260713049    93.0   87.0
 11 7176.975328 2.256E-28 2.677E-02.07020.315 2818.39800.60-.001790          0 1 2          0 1 0  8  3  6        9  2  7      334253807294713152    51.0   57.0
 11 7176.985718 5.009E-30 8.324E-01.10500.456 3725.94200.75-.003020          1 0 2          1 0 0  1  1  1        2  0  2      332230807294713152     3.0    5.0
 11 7177.077622 4.248E-30 1.141E-07.06000.298 1114.54990.570.000000          1 0 1          0 0 0  9  2  8       10  1 10     q4322308079917122 0    57.0   63.0
 11 7177.176643 2.229E-30 1.989E-04.06540.265 2613.10450.66-.019120          1 3 0          0 0 0 12  0 12       12  7  5      332230807394713152    25.0   25.0
 11 7177.244798 2.950E-24 1.786E-02.08690.391  503.96810.70-.016700          1 0 1          0 0 0  6  1  6        5  3  3      454623306794713152    13.0   11.0
 11 7177.378990 3.290E-29 2.237E-01.05370.281 3487.39920.50-.025290          0 1 2          0 1 0 11  3  9       11  4  8      334233807294713152    23.0   23.0
 11 7177.427592 1.450E-28 3.914E-07.08870.412  488.10770.710.000000          2 0 0          0 0 0  4  4  1        4  4  1     q4322308079917122 0    27.0   27.0
 11 7177.437236 4.834E-29 3.915E-07.08870.412  488.13420.710.000000          2 0 0          0 0 0  4  4  0        4  4  0     q7322308079917122 0     9.0    9.0
 11 7177.476564 2.950E-27 6.546E-05.06830.298 1114.54990.660.006450          0 4 0          0 0 0 11  4  7       10  1 10      444223606560713049    69.0   63.0
 11 7177.504520 1.488E-30 8.523E-02.04260.235 4184.83120.420.000520          1 1 1          0 1 0 13  5  9       14  3 12      332230807294713152    81.0   87.0
 11 7177.541651 5.900E-26 2.072E-02.07380.298 1437.96860.690.017700          1 2 0          0 0 0 10  5  5       10  2  8      454223606594713152    21.0   21.0
 11 7177.645479 3.678E-28 8.786E-03.08360.352 2462.87520.72-.008040          0 3 1          0 1 0  7  5  3        7  3  4      434223807294713152    45.0   45.0
 11 7177.656740 1.000E-24 3.313E-01.04670.315 1631.38300.47-.019660          1 2 0          0 0 0  9  7  2        9  6  3      454523796794713152    57.0   57.0
 11 7177.794065 3.230E-25 3.208E-01.04630.315 1631.24550.47-.019420          1 2 0          0 0 0  9  7  3        9  6  4      454223606794713152    19.0   19.0
 11 7177.814807 3.700E-25 1.225E-02.08500.333  882.89030.71-.000680          1 0 1          0 0 0  7  3  4        8  1  7      754223306794713152    15.0   17.0
 11 7177.823833 5.899E-29 2.122E-07.09940.456   95.17590.740.000000          1 0 1          0 0 0  1  0  1        2  1  1     q7222308079917122 0     3.0    5.0
 11 7177.832436 7.989E-29 9.066E-04.07130.352 2309.73010.590.003080          0 6 0          0 1 0  7  0  7        7  1  6      334223807294713152    45.0   45.0
 11 7177.842426 1.941E-30 4.071E-05.08560.371 2146.26360.710.004010          0 3 1          0 1 0  5  5  0        6  1  5      332230807294713152    11.0   13.0
 11 7177.845938 1.791E-27 3.040E-02.08200.352 2392.59250.700.003390          1 3 0          0 1 0  7  5  2        7  2  5      434223807294713152    45.0   45.0
 11 7177.866281 1.271E-29 2.188E-02.01240.195 3291.1503-.07-.018890          0 2 1          0 0 0 17  2 15       17  2 16      334233807294713152    35.0   35.0
 11 7177.886048 2.359E-30 2.339E-02.05540.298 3565.00350.52-.016530          2 1 0          0 1 0 11  5  7       10  6  4      332230807294713152    23.0   21.0
 11 7178.039109 2.021E-26 5.494E-03.05350.333 1590.69010.55-.013560          2 0 0          0 0 0  9  6  3        8  7  2      464223807260713049    57.0   51.0
 11 7178.053018 2.160E-24 7.256E-01.04120.281 1690.66440.36-.008120          0 2 1          0 0 0 12  2 10       11  2  9      454523606794713152    75.0   69.0
 11 7178.060287 4.295E-30 2.314E-04.07330.333 2630.19250.67-.003000          1 3 0          0 1 0  7  6  1        8  3  6      432230807294713152    45.0   51.0
 11 7178.197451 2.935E-29 3.865E-02.04660.208 3211.05480.49-.034660          1 0 1          0 0 0 15  4 11       16  2 14      334233807294713152    31.0   33.0
 11 7178.223817 2.213E-30 7.830E-01.03140.195 4612.79040.41-.009015         -2-2-2          0 0 0 17 -4 -4       17  8  9      132232477291712250   105.0  105.0
 11 7178.310400 6.710E-26 5.269E-01.04860.281 2321.90570.47-.014000          0 0 2          0 0 0 11  6  5       11  7  4      454223796560713049    69.0   69.0
 11 7178.319366 4.936E-30 3.544E-02.02270.195 3810.93660.16-.005320          0 2 1          0 0 0 17  5 13       17  3 14      332230807294713152   105.0  105.0
 11 7178.383417 2.972E-30 2.006E+00.01690.221 4507.52260.03-.022110          0 3 1          0 1 0 16  3 14       15  3 13      332230807294713152    33.0   31.0
 11 7178.392064 8.331E-29 2.933E-03.06330.265 2437.50190.65-.028520          0 0 2          0 0 0 13  3 11       12  6  6      334233807260713049    27.0   25.0
 11 7178.408613 1.833E-28 9.267E-05.03400.265 1774.75110.30-.026150          0 0 2          0 0 0 12  1 12       12  2 11      434243807260713049    75.0   75.0
 11 7178.445634 1.440E-22 1.410E+00.08810.450  602.77350.71-.007590          1 0 1          0 0 0  6  2  5        6  2  4      757521306382623134    13.0   13.0
 11 7178.448256 9.441E-30 1.740E-02.05160.235 3266.51430.48-.007880          0 0 2          0 0 0 14  6  8       14  7  7      332230807260713049    29.0   29.0
 11 7178.538884 6.209E-29 9.411E-05.03390.265 1774.61630.30-.026120          0 0 2          0 0 0 12  0 12       12  1 11      334243807260713049    25.0   25.0
 11 7178.544339 5.688E-30 8.203E-01.04980.195 4428.11470.49-.027420          2 0 0          0 0 0 17  8  9       17  7 10      232230807260713049   105.0  105.0
 11 7178.610289 1.530E-28 4.175E-02.04220.235 3084.83570.42-.025780          1 0 1          0 0 0 13  8  6       14  6  9      334233807294713152    81.0   87.0
 11 7178.817306 4.882E-30 1.525E-08.07810.371  648.97870.670.000000          1 2 0          0 0 0  8  3  6        6  3  4     q4222308079917122 0    51.0   39.0
 11 7178.873585 1.501E-27 2.546E-02.04350.298 2254.28440.46-.018760          2 0 0          0 0 0 11  7  5       10  8  2      434223807260713049    23.0   21.0
 11 7178.886568 1.523E-30 2.408E-01.05320.195 4221.03930.50-.017230          1 0 1          0 0 0 17  6 11       17  6 12      332230807294713152    35.0   35.0
 11 7178.899138 1.773E-30 6.716E-01.03300.265 4557.54630.35-.021720          1 3 0          0 1 0 12  9  4       12  8  5      232230807294713152    75.0   75.0
 11 7178.969949 1.894E-30 3.041E+00.07180.333 4523.58900.61-.035970          0 0 3          1 0 0  7  1  6        8  1  7      332230807294713152    15.0   17.0
 11 7179.018384 8.277E-30 8.344E-09.09400.434  285.41860.730.000000          1 0 1          0 0 0  4  0  4        3  3  0     q4222308079917122 0    27.0   21.0
 11 7179.122242 2.689E-28 9.533E-01.10050.434 3334.62650.75-.002960          2 2 0          0 2 0  3  2  1        3  1  2      334223807294713152    21.0   21.0
 11 7179.133884 4.453E-27 2.518E-02.04370.298 2254.28370.46-.018500          2 0 0          0 0 0 11  7  4       10  8  3      434223807260713049    69.0   63.0
 11 7179.186978 5.760E-23 2.128E-01.09520.391  326.62550.73-.004420          2 0 0          0 0 0  4  2  2        5  1  5      456621306360713049     9.0   11.0
 11 7179.203569 3.273E-30 9.606E-09.08330.391  610.34120.690.000000          1 2 0          0 0 0  7  4  3        5  4  1     q7222308079917122 0    45.0   33.0
 11 7179.294950 7.380E-25 7.601E-01.03790.281 1695.06860.33-.016220          0 2 1          0 0 0 12  3 10       11  3  9      454523796794713152    25.0   23.0
 11 7179.309506 1.723E-28 3.818E-01.09980.456 3237.91730.75-.006710          2 2 0          0 2 0  3  0  3        2  1  2      334243807294713152    21.0   15.0
 11 7179.326810 1.250E-25 6.871E-02.06670.265 1774.75110.63-.019390          2 0 0          0 0 0 11  3  8       12  2 11      454223796760713049    69.0   75.0
 11 7179.342202 1.672E-30 7.045E-02.04740.250 3879.72080.470.003200          1 1 1          0 1 0 12  5  8       13  3 11      332230807294713152    25.0   27.0
 11 7179.373270 1.056E-30 4.396E-01.08640.371 4408.02880.72-.009510          0 0 3          0 0 1  5  4  2        6  3  3      332230807294713152    33.0   39.0
 11 7179.499966 8.106E-28 1.026E+01.10600.480 3196.09340.76-.001450          1 2 1          0 2 0  1  1  0        1  1  1      334223807294713152     3.0    3.0
 11 7179.638755 4.817E-29 2.222E-02.06790.315 3141.04590.62-.021020          2 1 0          0 1 0 10  4  7        9  5  4      334233807294713152    63.0   57.0
 11 7179.665171 4.896E-29 3.839E-07.07340.352  586.47920.650.000000          2 0 0          0 0 0  7  1  7        7  1  7     q4322308079917122 0    15.0   15.0
 11 7179.699712 1.004E-28 7.351E-07.08360.371  542.90580.730.002120          0 4 0          0 0 0  6  6  0        6  1  5      432230807260713049    13.0   13.0
 11 7179.717076 1.118E-24 4.270E-01.04560.333 1411.64190.47-.019330          1 2 0          0 0 0  8  7  1        8  6  2      464223807294713152    17.0   17.0
 11 7179.730601 1.466E-28 3.828E-07.07340.352  586.24350.650.000000          2 0 0          0 0 0  7  0  7        7  0  7     q4322308079917122 0    45.0   45.0
 11 7179.739748 1.033E-29 5.564E-07.07910.333  982.91170.66-.000870          0 5 0          0 0 0  7  1  7        8  2  6      432230807294713152    15.0   17.0
 11 7179.747151 3.339E-24 4.251E-01.04540.333 1411.61150.47-.019350          1 2 0          0 0 0  8  7  2        8  6  3      464223807294713152    51.0   51.0
 11 7179.751539 5.708E-23 9.555E+00.04360.352 1216.18980.42-.021050          1 0 1          0 0 0  7  6  1        7  6  2      764223807294713152    15.0   15.0
 11 7179.751953 1.710E-22 9.542E+00.04360.352 1216.19450.42-.021180          1 0 1          0 0 0  7  6  2        7  6  1      766521807294713152    45.0   45.0
 11 7179.775963 4.987E-30 9.323E-03.01040.183 3319.4476-.12-.014670          0 2 1          0 0 0 18  2 17       18  0 18      332230807294713152    37.0   37.0
 11 7179.962015 1.075E-29 5.590E-02.03870.235 3465.06940.45-.036870          1 0 1          0 0 0 13 10  3       14  8  6      334233807294713152    27.0   29.0
 11 7180.103380 3.445E-30 1.376E-08.08870.412  383.84250.710.000000          1 0 1          0 0 0  5  0  5        4  3  1     q4222308079917122 0    11.0    9.0
 11 7180.129025 1.300E-27 8.999E-01.07760.298 3224.54660.68-.000900          1 1 1          0 1 0 10  4  6       10  4  7      444223606594713152    63.0   63.0
 11 7180.131024 1.700E-29 1.265E+00.06170.195 4291.90970.55-.014410          2 0 0          0 0 0 17  7 10       17  6 11      234233807260713049   105.0  105.0
 11 7180.143875 3.230E-29 5.594E-02.03850.235 3464.88740.45-.036690          1 0 1          0 0 0 13 10  4       14  8  7      334233807294713152    81.0   87.0
 11 7180.221685 8.223E-28 5.183E-02.05630.315 2688.07980.48-.016830          0 1 2          0 1 0  8  2  7        9  1  8      434223807294713152    51.0   57.0
 11 7180.231289 1.011E-28 5.258E+00.09740.456 3887.11420.74-.005300          1 0 2          0 0 1  3  2  1        2  2  0      334233807294713152    21.0   15.0
 11 7180.259596 5.745E-30 3.112E+00.06750.333 4525.96410.57-.030270          0 0 3          1 0 0  7  2  6        8  2  7      332230807294713152    45.0   51.0
 11 7180.274572 1.687E-29 1.051E-02.01040.183 3319.4476-.12-.013500          0 2 1          0 0 0 18  1 17       18  1 18      334233807294713152   111.0  111.0
 11 7180.323070 6.641E-26 3.551E-04.08710.352  704.21410.71-.000120          1 0 1          0 0 0  6  3  3        7  1  6      464223807294713152    39.0   45.0
 11 7180.329041 3.630E-25 8.509E-01.04780.298 2054.34520.47-.015200          0 0 2          0 0 0 10  6  5       10  7  4      454223606560713049    63.0   63.0
 11 7180.391975 4.918E-29 1.260E-07.07810.371  552.91140.670.000000          2 0 0          0 0 0  6  2  5        6  2  5     q4322308079917122 0    39.0   39.0
 11 7180.396906 2.802E-29 1.465E-02.06620.333 2920.13200.59-.016150          2 1 0          0 1 0  9  4  6        8  5  3      434243807294713152    19.0   17.0
 11 7180.399611 5.560E-22 5.371E-01.09750.412  224.83840.74-.003530          2 0 0          0 0 0  3  2  1        4  1  4      756620306360713049    21.0   27.0
 11 7180.491349 2.281E-28 4.503E-02.03690.281 2740.42090.53-.026630          1 2 0          0 0 0 10 10  0       11  9  3      334233807294713152    21.0   23.0
 11 7180.491349 6.844E-28 4.504E-02.03690.281 2740.42090.53-.026640          1 2 0          0 0 0 10 10  1       11  9  2      334223807294713152    63.0   69.0
 11 7180.500027 8.070E-25 5.229E+00.08610.391 2130.49430.71-.011670          1 1 1          0 1 0  5  3  3        5  3  2      454223606594713152    33.0   33.0
 11 7180.612907 2.950E-23 4.625E+00.06110.315 1477.29740.56-.023870          1 0 1          0 0 0  9  5  5        9  5  4      454523606394713152    57.0   57.0
 11 7180.720079 8.624E-30 7.464E-08.08560.371  542.90580.710.004010          0 2 1          0 0 0  5  5  0        6  1  5      432230807294713152    11.0   13.0
 11 7180.728820 1.520E-25 8.892E-05.09390.434  173.36580.740.006220          1 2 0          0 0 0  4  4  1        3  1  2      454223796594713152    27.0   21.0
 11 7180.976834 6.601E-30 2.130E-03.07790.315 2841.43070.680.010590          1 3 0          0 1 0 10  4  6        9  3  7      332230807294713152    21.0   19.0
 11 7181.016024 3.010E-24 9.100E-03.09510.434  285.21930.73-.014900          1 0 1          0 0 0  4  1  4        3  3  1      754223606794713152     9.0    7.0
 11 7181.082627 1.184E-25 8.329E-01.04830.298 2054.36870.48-.013450          0 0 2          0 0 0 10  6  4       10  7  3      464223807260713049    21.0   21.0
 11 7181.095634 4.558E-23 2.544E+00.04630.352 1216.19450.53-.026550          1 2 0          0 0 0  7  7  0        7  6  1      464223607294713152    45.0   45.0
 11 7181.099781 1.509E-23 2.527E+00.04620.352 1216.18980.52-.026520          1 2 0          0 0 0  7  7  1        7  6  2      464223807294713152    15.0   15.0
 11 7181.112150 2.965E-24 6.502E-01.05830.315 1340.88490.52-.017720          0 2 1          0 0 0 10  4  7        9  4  6      464223807294713152    21.0   19.0
 11 7181.122607 1.118E-28 2.038E-03.07940.352 2181.08980.680.004270          1 3 0          0 1 0  7  4  4        7  1  7      434233807294713152    15.0   15.0
 11 7181.155657 1.500E-20 1.322E+01.09970.434  136.76170.76-.011960          1 0 1          0 0 0  2  0  2        3  0  3      455521306367713152    15.0   21.0
 11 7181.250151 1.862E-30 3.147E+00.05560.315 4559.75200.48-.040000          0 0 3          1 0 0  8  1  8        9  1  9      332230807294713152    17.0   19.0
 11 7181.256168 3.044E-30 2.983E-08.07810.371  602.77350.670.000000          2 0 0          0 0 0  6  2  4        6  2  4     q7222308079917122 0    13.0   13.0
 11 7181.301007 5.596E-30 3.152E+00.05580.315 4559.70760.48-.040000          0 0 3          1 0 0  8  0  8        9  0  9      332230807294713152    51.0   57.0
 11 7181.318161 3.831E-25 2.001E-01.07010.298 1538.14950.63-.011790          1 0 1          0 0 0 11  1 10       10  3  7      464223807294713152    23.0   21.0
 11 7181.351919 3.854E-29 2.213E-02.01280.195 3291.1485-.06-.016070          0 2 1          0 0 0 17  3 15       17  1 16      334233807294713152   105.0  105.0
 11 7181.461591 1.590E-29 3.494E-02.01730.195 3567.17380.07-.013650          0 2 1          0 0 0 17  4 14       17  2 15      334233807294713152   105.0  105.0
 11 7181.499791 2.816E-29 1.183E+00.06360.195 4174.28700.57-.001260          2 0 0          0 0 0 17  6 11       17  5 12      334233807260713049   105.0  105.0
 11 7181.520860 8.510E-25 5.769E-03.08200.352  782.40980.700.003390          1 2 0          0 0 0  7  5  2        7  2  5      454223796794713152    45.0   45.0
 11 7181.598278 8.785E-29 6.417E-03.06880.265 2813.51210.66-.004850          0 0 2          0 0 0 13  5  8       12  8  5      334233807260713049    81.0   75.0
 11 7181.620137 1.132E-29 1.323E-07.06460.315  920.16840.600.000000          1 0 1          0 0 0  8  1  7        9  0  9     q7322308079917122 0    51.0   57.0
 11 7181.640630 1.377E-30 1.362E-05.08770.391 2251.86240.71-.011400          0 1 2          0 1 0  6  1  6        5  4  1      432230807294713152    39.0   33.0
 11 7181.673096 2.837E-29 1.018E+00.09080.352 3967.48860.73-.004410          2 2 0          0 2 0  7  3  4        7  2  5      334223807294713152    45.0   45.0
 11 7181.788311 2.560E-28 9.188E-03.08040.352 2572.13910.70-.016110          2 1 0          0 1 0  8  3  6        7  4  3      334223807294713152    51.0   45.0
 11 7181.884955 3.466E-28 8.814E-02.04500.235 3084.83570.43-.024650          0 0 2          0 0 0 14  5 10       14  6  9      334223807260713049    87.0   87.0
 11 7181.936501 2.307E-30 7.734E-03.05940.221 3629.09650.55-.006630          0 0 2          0 0 0 15  6  9       15  7  8      332230807260713049    93.0   93.0
 11 7182.150522 2.557E-26 2.366E-02.07870.298 1616.45310.71-.018150          1 0 1          0 0 0  9  6  3       10  4  6      464223807294713152    19.0   21.0
 11 7182.155675 1.358E-23 1.797E-02.09050.412  382.51690.71-.015570          1 0 1          0 0 0  5  1  5        4  3  2      464223307294713152    33.0   27.0
 11 7182.158727 7.791E-27 4.885E-02.05020.265 2275.37290.49-.022160          1 0 1          0 0 0 11  7  5       12  5  8      434223807294713152    69.0   75.0
 11 7182.208851 1.580E-21 1.468E+00.10700.375   42.37170.81-.011440          2 0 0          0 0 0  1  0  1        1  1  0      755820306379491549     9.0    9.0
 11 7182.341777 1.311E-27 1.058E-04.08000.298 1114.53230.710.005780          0 2 1          0 0 0  9  4  5       10  0 10      434223807294713152    19.0   21.0
 11 7182.396695 2.650E-29 9.561E-01.09030.371 3713.08250.72-.005920          2 2 0          0 2 0  6  2  4        6  1  5      334223807294713152    13.0   13.0
 11 7182.425525 4.160E-30 5.862E-02.05730.250 3654.21500.57-.022410          2 1 0          0 1 0 12  3  9       13  2 12      332230807294713152    25.0   27.0
 11 7182.438582 8.929E-30 9.105E-02.07220.265 3587.66660.690.019770          1 3 0          0 1 0 12  5  7       12  2 10      332230807294713152    25.0   25.0
 11 7182.451200 1.720E-24 4.352E-02.08220.315 1079.07960.70-.002880          1 0 1          0 0 0  8  3  5        9  1  8      454223796794713152    51.0   57.0
 11 7182.481346 8.534E-28 2.366E-05.07860.352  816.69420.71-.004570          1 2 0          0 0 0  6  6  0        7  3  5      434223807294713152    13.0   15.0
 11 7182.519010 2.242E-28 5.527E-03.05020.221 2631.26880.600.002610          0 1 1          0 0 0 16  9  7       15  1 14      334233807294713152    99.0   93.0
 11 7182.522419 1.012E-26 7.485E-01.01190.221 2631.2834-.13-.015420          0 2 1          0 0 0 16  2 15       15  2 14      334223807294713152    33.0   31.0
 11 7182.522543 2.504E-27 1.535E-01.04470.298 2705.13960.38-.023380          0 1 2          0 1 0  9  0  9       10  1 10      334223807294713152    57.0   63.0
 11 7182.531340 4.340E-25 3.761E+00.09460.412 1922.90110.73-.009620          1 1 1          0 1 0  4  2  3        4  2  2      454223796794713152     9.0    9.0
 11 7182.533476 1.744E-30 2.793E-02.03700.235 3922.33040.53-.034460          1 0 1          0 0 0 13 12  2       14 10  5      332230807294713152    81.0   87.0
 11 7182.543079 1.575E-29 1.154E-07.07810.371  542.90580.670.000000          2 0 0          0 0 0  6  1  5        6  1  5     q7222308079917122 0    13.0   13.0
 11 7182.652541 8.403E-28 1.545E-01.04480.298 2705.09690.38-.023300          0 1 2          0 1 0  9  1  9       10  0 10      334223807294713152    19.0   21.0
 11 7182.735798 1.354E-29 1.382E-01.10430.504 3151.62990.75-.000640          0 7 0          0 2 0  1  1  1        0  0  0      3342238072947131 7     3.0    1.0
 11 7182.744165 7.417E-28 1.503E-02.06170.250 2533.79320.56-.006820          2 0 0          0 0 0 12  7  6       13  4  9      334223807260713049    75.0   81.0
 11 7182.904004 3.771E-30 1.323E-07.06460.315  920.21000.600.000000          1 0 1          0 0 0  8  2  7        9  1  9     q4222308079917122 0    17.0   19.0
 11 7182.949535 3.770E-21 1.025E+01.09700.464  142.27850.91-.009960          1 0 1          0 0 0  2  1  2        3  1  3      456820306367492452     5.0    7.0
 11 7183.015675 4.070E-22 3.557E-01.10360.456  134.90160.76-.019370          1 0 1          0 0 0  2  0  2        2  2  1      454623306394713152    15.0   15.0
 11 7183.016052 3.873E-30 6.638E-04.05010.315 2690.59360.44-.005170          0 6 0          0 1 0  9  1  9        9  2  8      2322338072947131 9    19.0   19.0
 11 7183.073689 2.045E-28 1.692E-02.05510.265 2613.10450.57-.026300          0 0 2          0 0 0 13  4 10       12  7  5      334233807260713049    27.0   25.0
 11 7183.206590 2.212E-29 1.204E+00.08020.250 4174.03860.70-.002370          2 1 0          0 1 0 13  5  8       13  4  9      232230807294713152    81.0   81.0
 11 7183.218640 8.530E-25 1.261E-01.07990.315 1216.23130.69-.017410          0 0 2          0 0 0  8  2  6        9  3  7      454223796760713049    17.0   19.0
 11 7183.272532 6.860E-24 3.149E+00.07600.298 1718.71880.81-.000180          1 0 1          0 0 0 10  5  5       10  5  6      454523306779711552    63.0   63.0
 11 7183.330353 7.814E-30 1.169E-03.03150.298 2701.88850.530.003920          0 4 0          0 0 0 11  9  3       10 10  0      332230807260713049    23.0   21.0
 11 7183.330406 2.344E-29 1.169E-03.03150.298 2701.88850.530.003930          0 4 0          0 0 0 11  9  2       10 10  1      332230807260713049    69.0   63.0
 11 7183.355180 3.640E-29 1.192E+00.07780.265 3843.41040.68-.013000          0 3 1          0 1 0 13  4  9       12  4  8      334233807294713152    27.0   25.0
 11 7183.392955 2.134E-30 2.876E+00.07690.352 4457.81860.64-.019370          0 0 3          1 0 0  6  3  4        7  3  5      332230807294713152    13.0   15.0
 11 7183.436800 4.217E-29 5.618E-03.03980.235 2739.42860.36-.009018         -2-2-2          0 0 0 15 -1 -1       14  3 11      132232477291712250    31.0   29.0
 11 7183.572972 8.336E-26 5.500E-03.08240.333 1050.15770.72-.007620          0 2 1          0 0 0  8  5  4        8  3  5      764223807294713152    17.0   17.0
 11 7183.577492 3.144E-26 7.752E-01.01180.221 2631.2688-.13-.018020          0 2 1          0 0 0 16  1 15       15  1 14      464223807294713152    99.0   93.0
 11 7183.685554 3.590E-24 5.536E-02.09030.371  661.54890.73-.011230          0 0 2          0 0 0  5  2  4        6  3  3      454623306760713049    11.0   13.0
 11 7183.763818 1.881E-30 5.842E-01.04550.391 4381.90400.47-.021980          3 0 0          1 0 0  6  6  1        5  5  0      332230807294713152    39.0   33.0
 11 7183.878800 4.520E-25 1.075E+00.04810.315 1810.58330.48-.014860          0 0 2          0 0 0  9  6  4        9  7  3      454523796760713049    19.0   19.0
 11 7183.959321 1.588E-29 3.373E-01.05360.265 3738.54320.49-.013020          0 1 2          0 1 0 12  2 10       12  3  9      334233807294713152    25.0   25.0
 11 7184.051938 2.559E-30 1.587E-01.06120.208 4016.13440.56-.008800          0 0 2          0 0 0 16  6 10       16  7  9      332230807260713049    33.0   33.0
 11 7184.079829 3.390E-30 7.840E-04.08190.315 2998.76630.73-.014510          2 1 0          0 1 0 10  3  8        9  4  5      432230807294713152    63.0   57.0
 11 7184.100960 1.430E-24 1.134E+00.04770.315 1810.58790.48-.015870          0 0 2          0 0 0  9  6  3        9  7  2      454523606760713049    57.0   57.0
 11 7184.216689 5.464E-30 5.461E-01.03320.281 4265.97640.36-.020120          1 3 0          0 1 0 11  9  2       11  8  3      332230807294713152    69.0   69.0
 11 7184.218587 1.821E-30 5.460E-01.03320.281 4265.97430.36-.020130          1 3 0          0 1 0 11  9  3       11  8  4      332230807294713152    23.0   23.0
 11 7184.306002 1.430E-29 5.410E-02.05150.265 3592.42390.490.002910          1 1 1          0 1 0 11  5  7       12  3 10      334233807294713152    69.0   75.0
 11 7184.360820 1.720E-26 6.508E-02.09280.391 2053.96870.73-.012030          1 1 1          0 1 0  6  0  6        5  2  3      454223796594713152    39.0   33.0
 11 7184.385259 8.547E-30 3.291E+00.09180.352 4426.06640.73-.013760          0 0 3          1 0 0  6  2  4        7  2  5      332230807294713152    39.0   45.0
 11 7184.416685 5.407E-30 2.615E-08.07810.371  648.97870.670.000000          0 0 2          0 0 0  5  1  4        6  3  4     q4222308079917122 0    33.0   39.0
 11 7184.457866 4.686E-25 2.158E+00.06980.281 1985.78490.640.002970          1 0 1          0 0 0 11  5  6       11  5  7      464223807294713152    23.0   23.0
 11 7184.476441 2.709E-29 4.061E-02.06100.298 3383.26540.56-.020730          0 1 2          0 1 0 10  4  7       10  5  6      334233807294713152    63.0   63.0
 11 7184.553749 1.944E-28 8.427E+00.10390.456 3849.38530.76-.006590          1 0 2          0 0 1  3  1  2        2  1  1      334233807294713152    21.0   15.0
 11 7184.654390 5.218E-30 1.401E-04.04710.315 2512.28290.38-.005400          0 6 0          0 1 0  8  1  8        9  0  9      2322338072947131 9    51.0   57.0
 11 7184.681312 3.949E-30 2.832E-08.08330.391  503.96810.690.000000          2 0 0          0 0 0  5  3  3        5  3  3     q4222308079917122 0    11.0   11.0
 11 7184.727213 1.810E-24 6.139E-03.06310.391  610.34120.57-.016350          1 2 0          0 0 0  6  5  2        5  4  1      754223606794713152    39.0   33.0
 11 7184.759870 7.118E-29 7.221E-01.10190.456 3255.34600.75-.003760          2 2 0          0 2 0  2  2  0        2  1  1      334243807294713152     5.0    5.0
 11 7184.786957 2.547E-29 5.941E-02.03820.195 3567.17380.41-.035670          1 0 1          0 0 0 16  4 12       17  2 15      334233807294713152    99.0  105.0
 11 7184.835201 2.378E-28 3.651E-07.07810.371  447.25240.670.000000          2 0 0          0 0 0  6  1  6        6  1  6     q4322308079917122 0    39.0   39.0
 11 7184.905155 2.989E-30 4.542E-02.03670.235 3685.41880.47-.031830          1 0 1          0 0 0 13 11  2       14  9  5      332230807294713152    27.0   29.0
 11 7184.917085 8.969E-30 4.543E-02.03670.235 3685.40690.47-.031840          1 0 1          0 0 0 13 11  3       14  9  6      332230807294713152    81.0   87.0
 11 7184.918104 6.704E-28 4.314E-06.07350.391  742.07630.67-.008860          2 0 0          0 0 0  6  4  3        5  5  0      434223807260713049    39.0   33.0
 11 7184.919905 1.377E-28 6.199E-02.05650.281 3135.76480.53-.007050          2 1 0          0 1 0 10  4  7       11  1 10      334233807294713152    63.0   69.0
 11 7184.934465 2.791E-29 5.833E-04.03310.221 2358.30160.41-.005380          0 4 0          0 0 0 15  4 12       15  1 15      344233803260713049    31.0   31.0
 11 7184.963169 3.577E-30 3.231E-03.05120.281 3314.85560.50-.016210          0 1 2          0 1 0 12  1 12       11  2  9      332230807294713152    75.0   69.0
 11 7184.984125 6.120E-25 6.221E-03.06170.391  610.11440.55-.015000          1 2 0          0 0 0  6  5  1        5  4  2      454523606794713152    13.0   11.0
 11 7185.009311 7.891E-29 3.625E-07.07810.371  446.69660.670.000000          2 0 0          0 0 0  6  0  6        6  0  6     q4322308079917122 0    13.0   13.0
 11 7185.048486 1.169E-29 5.714E-08.08870.412  383.84250.710.000000          2 0 0          0 0 0  4  3  1        4  3  1     q4222308079917122 0     9.0    9.0
 11 7185.100291 1.925E-29 9.011E-08.08330.391  416.20870.690.000000          2 0 0          0 0 0  5  2  4        5  2  4     q4222308079917122 0    11.0   11.0
 11 7185.172318 3.098E-30 7.721E-01.08570.391 4076.14330.68-.001110          1 0 2          0 0 1  5  2  4        5  0  5      332230807294713152    11.0   11.0
 11 7185.354691 9.580E-30 1.079E+00.10670.456 3750.46450.77-.009510          1 0 2          1 0 0  2  0  2        2  1  1      334223807294713152     5.0    5.0
 11 7185.394189 5.287E-23 9.594E-02.09240.435  447.25240.73-.005510          2 0 0          0 0 0  5  2  3        6  1  6      464623307260483049    33.0   39.0
 11 7185.400573 9.665E-24 4.501E+00.06020.315 1474.98080.54-.009200          1 0 1          0 0 0  9  5  4        9  5  5      464223307294713152    19.0   19.0
 11 7185.442365 3.210E-24 1.922E-02.08350.352  782.40980.69-.008160          1 0 1          0 0 0  8  0  8        7  2  5      454523306794713152    51.0   45.0
 11 7185.471317 1.050E-30 9.923E-03.04010.265 3587.66660.40-.002470          0 6 0          0 1 0 13  1 13       12  2 10      3322338072947131 9    27.0   25.0
 11 7185.576860 2.046E-24 3.130E-03.09330.391  446.51070.74-.009330          2 0 0          0 0 0  6  1  6        5  2  3      464223307260713049    39.0   33.0
 11 7185.596113 5.971E-22 1.676E+01.04130.195 1045.05800.65-.021980          1 0 1          0 0 0  6  6  0        6  6  1      765321807267662452    39.0   39.0
 11 7185.596433 1.990E-22 1.676E+01.03880.371 1045.05830.41-.022020          1 0 1          0 0 0  6  6  1        6  6  0      764223807294713152    13.0   13.0
 11 7185.687484 4.729E-29 7.657E-08.08870.412  382.51690.710.000000          2 0 0          0 0 0  4  3  2        4  3  2     q4222308079917122 0    27.0   27.0
 11 7185.695341 2.167E-30 5.020E-01.08210.315 4399.54210.69-.006620          2 2 0          0 2 0  9  3  6        9  2  7      332230807294713152    57.0   57.0
 11 7185.696044 5.140E-26 3.335E-01.09230.391 2130.49430.73-.011880          0 1 2          0 1 0  5  0  5        5  3  2      454223606594713152    33.0   33.0
 11 7185.715355 2.426E-30 1.456E-05.08500.391 1922.82890.690.005670          0 3 1          0 1 0  6  3  4        5  1  5      432230807294713152    13.0   11.0
 11 7185.732451 8.582E-28 4.522E-02.08630.371 2399.16540.72-.017640          1 1 1          0 1 0  7  2  5        6  4  2      434223807294713152    15.0   13.0
 11 7185.733411 6.226E-29 6.288E-01.09720.412 3375.29790.74-.006340          2 2 0          0 2 0  4  1  3        4  0  4      334223807294713152     9.0    9.0
 11 7185.776853 1.186E-30 3.923E-03.07090.298 3564.70500.66-.006440          2 1 0          0 1 0 11  5  6       10  6  5      332230807294713152    69.0   63.0
 11 7185.846883 2.790E-27 5.387E-05.07550.391  742.07300.69-.008510          2 0 0          0 0 0  6  4  2        5  5  1      444223606560713049    13.0   11.0
 11 7185.894351 1.261E-30 1.532E+00.07570.371 4401.94180.66-.024750          0 0 3          1 0 0  5  4  1        6  4  2      332230807294713152    11.0   13.0
 11 7185.913630 3.500E-27 7.162E-02.04260.235 2551.48350.420.000520          1 0 1          0 0 0 13  5  9       14  3 12      444223796594713152    81.0   87.0
 11 7185.922281 8.652E-30 1.462E-07.06860.333  744.06370.620.000000          1 0 1          0 0 0  7  1  6        8  0  8     q4222308079917122 0    15.0   17.0
 11 7185.936277 2.213E-28 9.344E+00.09310.434 3895.58810.72-.004890          1 0 2          0 0 1  4  1  4        3  1  3      334233807294713152    27.0   21.0
 11 7185.940082 1.233E-29 1.054E-03.03400.208 2660.94620.38-.009019         -2-2-2          0 0 0 16  1 15       16  0 16      132232477291712250    33.0   33.0
 11 7185.966529 2.810E-27 2.051E-04.07940.371 1045.05830.71-.009480          0 0 2          0 0 0  7  3  5        6  6  0      444223606560713049    15.0   13.0
 11 7186.055157 9.212E-29 1.121E-02.05170.235 2918.24490.49-.004060          0 0 2          0 0 0 13  6  7       14  5 10      434233807260713049    81.0   87.0
 11 7186.135760 8.459E-30 1.530E-08.08330.391  446.51070.690.000000          2 0 0          0 0 0  5  2  3        5  2  3     q4222308079917122 0    33.0   33.0
 11 7186.407340 4.710E-25 4.658E-03.07900.333  885.60020.690.008070          0 2 1          0 0 0  8  4  4        8  2  7      454423796794713152    51.0   51.0
 11 7186.413784 1.203E-29 3.428E-02.09780.434 3289.24250.730.002270          0 7 0          0 2 0  3  1  2        3  0  3      3342438072947131 9    21.0   21.0
 11 7186.483164 2.728E-28 7.427E-02.03620.221 2872.58050.36-.011040          1 0 1          0 0 0 14  5 10       15  3 13      334223807294713152    29.0   31.0
 11 7186.580283 1.415E-29 1.324E+00.03330.250 4074.03860.28-.020890          0 3 1          0 1 0 14  4 11       13  4 10      334233807294713152    29.0   27.0
 11 7186.599630 6.620E-25 1.308E+00.10740.480 1618.55710.760.001200          2 1 0          0 1 0  1  1  0        1  0  1      454523796794713152     9.0    9.0
 11 7186.725717 3.748E-30 1.135E-03.05240.298 3072.72630.50-.005830          0 6 0          0 1 0 11  0 11       10  3  8      3322338072947131 9    69.0   63.0
 11 7186.782955 1.174E-29 8.223E-02.02820.195 3567.25420.28-.010710          1 0 1          0 0 0 16  5 12       17  3 15      234233807294713152    33.0   35.0
 11 7186.857289 4.310E-24 1.313E+00.04200.270 1590.69010.48-.009510          0 0 2          0 0 0  8  6  3        8  7  2      457521606782623034    51.0   51.0
 11 7186.881196 3.179E-25 1.237E-01.06670.298 1437.96860.61-.000010          2 0 0          0 0 0  9  5  5       10  2  8      464223607260713049    19.0   21.0
 11 7186.909130 2.010E-24 1.837E+00.04660.333 1590.69070.48-.015240          0 0 2          0 0 0  8  6  2        8  7  1      454223796760713049    17.0   17.0
 11 7187.044800 1.034E-29 6.390E-01.09240.391 4049.53610.730.003300          2 0 1          1 0 0  6  3  3        5  1  4      334233807294713152    39.0   33.0
 11 7187.052526 3.900E-29 4.000E-02.06750.298 3058.39840.61-.000460          2 1 0          0 1 0  9  5  5       10  2  8      334233807294713152    19.0   21.0
 11 7187.097092 9.506E-30 2.519E-02.07870.298 3253.73800.71-.018150          1 1 1          0 1 0  9  6  3       10  4  6      332230807294713152    19.0   21.0
 11 7187.137092 7.200E-29 1.761E+00.09210.391 3598.51590.72-.005510          1 2 1          0 2 0  5  2  3        5  2  4      334233807294713152    11.0   11.0
 11 7187.141064 2.311E-28 5.252E-04.09460.412 1821.59670.72-.005250          0 6 0          0 1 0  3  0  3        4  1  4      3342438072947131 9    21.0   27.0
 11 7187.205120 7.220E-25 9.380E+00.08480.412 2005.91700.69-.011410          1 1 1          0 1 0  4  3  2        4  3  1      454223796794713152     9.0    9.0
 11 7187.264636 2.290E-26 1.794E-04.08530.352  782.40980.71-.000290          1 0 1          0 0 0  6  4  2        7  2  5      454223606594713152    39.0   45.0
 11 7187.266142 6.101E-28 1.067E-03.08910.434 1819.33500.72-.001660          0 3 1          0 1 0  4  4  0        3  2  1      434223807294713152    27.0   21.0
 11 7187.339244 3.263E-30 1.878E-01.07790.265 3959.25340.75-.022100          2 1 0          0 1 0 13  4 10       12  5  7      332230807294713152    27.0   25.0
 11 7187.345787 6.127E-30 1.559E-03.08210.333 2771.69000.73-.015210          2 1 0          0 1 0  9  3  7        8  4  4      332230807294713152    19.0   17.0
 11 7187.467218 1.065E-30 2.065E-05.09220.412 2129.61850.72-.010520          0 1 2          0 1 0  5  1  5        4  4  0      432230807294713152    11.0    9.0
 11 7187.495430 3.090E-27 4.690E-02.04740.250 2248.06450.470.003200          1 0 1          0 0 0 12  5  8       13  3 11      444223796594713152    25.0   27.0
 11 7187.640060 5.046E-28 1.742E-02.08330.371 2282.58950.72-.007430          0 3 1          0 1 0  6  5  2        6  3  3      434223807294713152    13.0   13.0
 11 7187.642598 2.792E-28 3.628E-07.09400.434  285.41860.730.000000          2 0 0          0 0 0  3  3  0        3  3  0     q7322308079917122 0    21.0   21.0
 11 7187.663710 4.820E-30 1.974E-08.07810.371  648.97870.670.000000          1 0 1          0 0 0  6  2  4        6  3  4     q4222308079917122 0    39.0   39.0
 11 7187.732899 9.580E-29 3.731E-07.09400.434  285.21930.730.000000          2 0 0          0 0 0  3  3  1        3  3  1     q7222308079917122 0     7.0    7.0
 11 7187.775357 1.706E-29 4.737E-07.07950.352  816.69420.66-.007840          0 5 0          0 0 0  6  0  6        7  3  5      332230807294713152    13.0   15.0
 11 7187.881791 2.961E-30 4.715E-02.08900.371 3736.17070.71-.011770          0 2 2          0 2 0  5  1  4        6  2  5      332230807294713152    33.0   39.0
 11 7187.928662 5.828E-29 8.389E-08.08330.391  399.45750.690.000000          2 0 0          0 0 0  5  1  4        5  1  4     q7222308079917122 0    33.0   33.0
 11 7187.936452 2.410E-30 4.812E-01.08430.371 4290.75700.690.003520          1 0 2          0 0 1  6  3  4        6  1  5      332230807294713152    39.0   39.0
 11 7188.138278 3.477E-23 6.244E+00.05640.315 1255.91160.53-.019150          1 0 1          0 0 0  8  5  4        8  5  3      465621607267622452    17.0   17.0
 11 7188.187833 3.935E-30 9.699E-08.07810.371  757.78020.670.000000          1 0 1          0 0 0  5  5  0        6  4  2     q4222308079917122 0    11.0   13.0
 11 7188.276455 2.706E-28 1.309E+00.07690.281 3659.90400.73-.023780          2 1 0          0 1 0 12  4  9       11  5  6      332230807294713152    75.0   69.0
 11 7188.309115 3.501E-26 1.728E-03.06120.352 1216.19450.59-.011120          2 0 0          0 0 0  8  5  4        7  6  1      464223807260713049    51.0   45.0
 11 7188.349113 1.265E-23 3.080E-01.04130.270 1045.05800.48-.011440          0 2 1          0 0 0  7  6  2        6  6  1      468521807282623134    45.0   39.0
 11 7188.353270 4.212E-24 3.076E-01.04500.371 1045.05830.48-.000310          0 2 1          0 0 0  7  6  1        6  6  0      464223807294713152    15.0   13.0
 11 7188.421110 4.445E-30 3.963E-01.03210.298 3997.50830.37-.021000          1 3 0          0 1 0 10  9  1       10  8  2      332230807294713152    21.0   21.0
 11 7188.421170 1.333E-29 3.961E-01.03210.298 3997.50830.37-.021010          1 3 0          0 1 0 10  9  2       10  8  3      332230807294713152    63.0   63.0
 11 7188.441830 3.650E-24 2.165E+01.10700.480 1618.55710.75-.007540          1 1 1          0 1 0  0  0  0        1  0  1      454523796794713152     3.0    9.0
 11 7188.563566 1.728E-28 7.613E-02.03250.208 3211.21270.32-.008250          1 0 1          0 0 0 15  5 11       16  3 14      434233807294713152    93.0   99.0
 11 7188.734770 2.268E-29 1.789E-03.03580.221 2631.28340.44-.004370          0 4 0          0 0 0 15  5 11       15  2 14      344233803260713049    31.0   31.0
 11 7188.753781 5.388E-29 1.627E-07.07340.352  586.24350.650.000000          1 0 1          0 0 0  6  1  5        7  0  7     q4322308079917122 0    39.0   45.0
 11 7188.759317 2.606E-29 1.470E-07.06860.333  744.16270.620.000000          1 0 1          0 0 0  7  2  6        8  1  8     q4322308079917122 0    45.0   51.0
 11 7188.774673 2.232E-27 5.211E-02.09220.391 2126.40760.73-.007700          0 1 2          0 1 0  4  2  2        5  3  3      434223807294713152     9.0   11.0
 11 7188.818712 2.362E-30 6.412E-07.06390.315 1340.88490.56-.011220          0 5 0          0 0 0  8  1  7        9  4  6      332230807294713152    17.0   19.0
 11 7188.825762 7.734E-29 9.580E+00.09600.434 3890.82930.73-.002260          1 0 2          0 0 1  4  0  4        3  0  3      334233807294713152     9.0    7.0
 11 7188.983557 1.783E-28 5.391E-04.05210.265 2124.95140.52-.004470          1 2 0          0 0 0 11  7  4       12  4  9      334233807294713152    69.0   75.0
 11 7188.990699 1.977E-27 1.225E-04.06030.315 1080.38540.600.003220          0 4 0          0 0 0 10  5  5        9  2  8      364223803360713049    21.0   19.0
 11 7188.991083 4.328E-29 4.705E-08.08870.412  300.36230.710.000000          2 0 0          0 0 0  4  2  3        4  2  3     q4222308079917122 0    27.0   27.0
 11 7189.007049 8.480E-24 6.825E-01.08370.315 1360.23530.71-.007520          0 2 1          0 0 0 10  4  6        9  4  5      454623606794713152    63.0   57.0
 11 7189.064183 5.381E-29 1.422E-07.09940.456  136.16390.740.000000          1 0 1          0 0 0  2  1  2        2  2  0     q4222308079917122 0     5.0    5.0
 11 7189.064495 2.125E-30 8.026E-01.08410.371 4195.81800.67-.014630          1 0 2          0 0 1  6  1  5        6  1  6      332230807294713152    13.0   13.0
 11 7189.103547 4.559E-30 7.182E-01.03400.208 4207.56140.38-.009021         -2-2-2          0 0 0 16 -1 -1       16  8  8      132232477291712250    33.0   33.0
 11 7189.125126 2.400E-24 1.595E-02.09060.412  488.13420.73-.010410          1 0 1          0 0 0  5  2  3        4  4  0      754523606794713152    11.0    9.0
 11 7189.139088 2.847E-29 1.481E-04.09280.412 1817.45110.730.007460          0 3 1          0 1 0  4  4  1        4  0  4      434233807294713152     9.0    9.0
 11 7189.190975 3.329E-24 1.331E+00.04580.352 1394.81420.50-.012260          0 0 2          0 0 0  7  6  2        7  7  1      464223807260713049    15.0   15.0
 11 7189.199024 9.978E-24 1.330E+00.04590.352 1394.81420.50-.012210          0 0 2          0 0 0  7  6  1        7  7  0      464423807260713049    45.0   45.0
 11 7189.230542 2.338E-25 1.351E+00.07180.265 2275.37290.670.005000          1 0 1          0 0 0 12  5  7       12  5  8      464223807294713152    75.0   75.0
 11 7189.242317 1.195E-29 9.770E-08.07810.371  756.72480.670.000000          1 0 1          0 0 0  5  5  1        6  4  3     q4222308079917122 0    33.0   39.0
 11 7189.243823 1.029E-28 1.934E-03.06530.250 2533.79320.65-.000800          0 4 0          0 0 0 13  7  6       13  4  9      344233803260713049    81.0   81.0
 11 7189.287853 1.125E-28 3.411E-07.08330.391  326.62550.690.000000          2 0 0          0 0 0  5  1  5        5  1  5     q4322308079917122 0    11.0   11.0
 11 7189.344247 6.288E-22 1.712E+00.10010.490  142.27850.74-.003310          2 0 0          0 0 0  2  2  0        3  1  3      767621307282623034     5.0    7.0
 11 7189.381786 1.897E-30 7.695E-02.03030.183 3940.54510.33-.030030          1 0 1          0 0 0 17  4 13       18  2 16      332230807294713152    35.0   37.0
 11 7189.448603 5.670E-25 1.092E-01.06160.298 1293.01810.56-.005050          2 0 0          0 0 0  9  4  6       10  1  9      754223606760713049    19.0   21.0
 11 7189.488074 1.054E-30 2.105E-01.08290.371 4290.75700.700.006190          0 2 2          0 0 1  6  5  2        6  1  5      332230807294713152    39.0   39.0
 11 7189.541076 1.037E-22 6.188E+00.05920.333 1255.16680.54-.014240          1 0 1          0 0 0  8  5  3        8  5  4      464523607294713152    51.0   51.0
 11 7189.599260 3.350E-28 3.365E-07.08330.391  325.34790.690.000000          2 0 0          0 0 0  5  0  5        5  0  5     q4322308079917122 0    33.0   33.0
 11 7189.697497 6.862E-28 2.294E-02.04060.250 2426.19650.40-.027200          0 0 2          0 0 0 13  3 11       13  4 10      334223807260713049    27.0   27.0
 11 7189.714180 1.980E-24 8.534E+00.08460.412 2004.81570.68-.007370          1 1 1          0 1 0  4  3  1        4  3  2      454523796794713152    27.0   27.0
 11 7189.735254 2.581E-28 5.926E-01.10410.480 3175.44120.760.000270          2 2 0          0 2 0  2  1  2        1  0  1      334243807294713152    15.0    9.0
 11 7189.767844 9.538E-28 2.967E+00.10320.456 3237.91730.75-.002170          1 2 1          0 2 0  2  1  1        2  1  2      334223807294713152    15.0   15.0
 11 7189.860256 1.926E-30 7.063E-01.08690.315 4493.80440.73-.006040          2 2 0          0 2 0  9  4  5        9  3  6      332230807294713152    57.0   57.0
 11 7189.916268 7.565E-29 7.600E-04.08590.352 2309.73010.710.004780          0 3 1          0 1 0  8  3  5        7  1  6      434233807294713152    51.0   45.0
 11 7189.963910 2.670E-25 5.102E+00.08630.391 2126.40770.71-.006450          1 1 1          0 1 0  5  3  2        5  3  3      454323796794713152    11.0   11.0
 11 7189.967402 2.238E-29 7.969E-05.09380.434 1739.48360.730.007550          1 3 0          0 1 0  4  4  0        3  1  3      334233807294713152     9.0    7.0
